yyyy-mm-dd timestamp,MQ6,MQ5,MQ4,MQ7,MQ3,MQ8,MQ2,MQ135,MQ9,BMPTemperature,Pressure(Pa),DHTTemperature,Humidity,Target
2024-10-02 10:06:59,342,451,429,112,681,105,146,0,23,26.91,83414.83,0.00,0.00,air_control_warmup_02
2024-10-02 10:06:59,341,451,429,112,681,73,146,0,18,26.91,83413.97,28.00,39.00,air_control_warmup_02
2024-10-02 10:06:59,342,451,429,113,681,376,382,161,236,26.91,83413.97,28.00,39.00,air_control_warmup_02
2024-10-02 10:06:59,342,451,429,113,681,76,152,0,108,26.91,83414.50,28.00,39.00,air_control_warmup_02
2024-10-02 10:06:59,341,451,429,113,681,109,151,0,13,26.91,83414.50,28.00,39.00,air_control_warmup_02
2024-10-02 10:06:59,342,450,429,112,681,364,439,200,301,26.91,83416.23,28.00,39.00,air_control_warmup_02
2024-10-02 10:06:59,341,451,429,112,681,363,423,126,141,26.91,83416.23,28.00,39.00,air_control_warmup_02
2024-10-02 10:06:59,342,451,429,112,681,188,256,0,57,26.91,83414.67,28.00,39.00,air_control_warmup_02
2024-10-02 10:06:59,341,451,429,113,681,83,161,0,18,26.91,83414.67,28.00,39.00,air_control_warmup_02
2024-10-02 10:06:59,341,451,429,112,681,139,315,164,265,26.91,83415.02,28.00,39.00,air_control_warmup_02
2024-10-02 10:06:59,342,451,430,113,681,365,407,172,282,26.91,83415.02,28.00,39.00,air_control_warmup_02
2024-10-02 10:06:59,341,450,429,113,681,242,289,66,149,26.92,83413.85,28.00,39.00,air_control_warmup_02
2024-10-02 10:06:59,342,451,429,113,681,163,177,0,22,26.92,83413.85,28.00,39.00,air_control_warmup_02
2024-10-02 10:06:59,341,451,429,113,681,238,388,178,308,26.92,83414.36,28.00,39.00,air_control_warmup_02
2024-10-02 10:06:59,342,450,429,112,680,342,416,175,291,26.92,83414.36,28.00,39.00,air_control_warmup_02
2024-10-02 10:07:00,341,450,429,112,681,354,402,192,288,26.92,83413.85,28.00,39.00,air_control_warmup_02
2024-10-02 10:07:00,341,450,429,112,681,233,264,0,24,26.92,83413.85,28.00,39.00,air_control_warmup_02
2024-10-02 10:07:00,341,451,429,113,681,74,163,0,19,26.92,83414.71,28.00,39.00,air_control_warmup_02
2024-10-02 10:07:00,341,451,429,112,681,372,456,198,280,26.92,83414.71,28.00,39.00,air_control_warmup_02
2024-10-02 10:07:00,341,450,428,112,681,256,346,168,198,26.92,83413.69,28.00,39.00,air_control_warmup_02
2024-10-02 10:07:00,341,450,429,112,681,166,161,0,14,26.92,83413.69,28.00,39.00,air_control_warmup_02
2024-10-02 10:07:00,341,450,429,112,681,156,186,0,18,26.92,83414.72,28.00,39.00,air_control_warmup_02
2024-10-02 10:07:00,342,451,429,113,681,363,457,199,301,26.92,83414.72,28.00,39.00,air_control_warmup_02
2024-10-02 10:07:00,341,450,429,112,681,325,402,183,286,26.92,83415.22,28.00,39.00,air_control_warmup_02
2024-10-02 10:07:00,341,451,429,113,681,178,166,0,13,26.92,83415.22,28.00,39.00,air_control_warmup_02
2024-10-02 10:07:00,341,450,429,113,681,67,147,0,28,26.92,83413.85,28.00,39.00,air_control_warmup_02
2024-10-02 10:07:00,341,451,429,113,681,380,447,218,315,26.92,83413.85,28.00,39.00,air_control_warmup_02
2024-10-02 10:07:00,341,450,429,112,681,368,430,174,222,26.92,83411.27,28.00,39.00,air_control_warmup_02
2024-10-02 10:07:00,341,451,429,113,681,359,412,174,269,26.92,83411.27,28.00,39.00,air_control_warmup_02
2024-10-02 10:07:00,342,451,429,112,681,120,144,0,30,26.92,83411.27,28.00,39.00,air_control_warmup_02
2024-10-02 10:07:00,341,450,429,113,681,155,176,0,21,26.92,83411.27,28.00,39.00,air_control_warmup_02
2024-10-02 10:07:00,341,450,429,112,681,372,460,217,310,26.92,83413.35,28.00,39.00,air_control_warmup_02
2024-10-02 10:07:00,341,451,429,113,681,259,330,94,176,26.92,83413.35,28.00,39.00,air_control_warmup_02
2024-10-02 10:07:00,342,450,429,112,681,89,156,0,28,26.92,83414.05,28.00,39.00,air_control_warmup_02
2024-10-02 10:07:00,341,451,429,113,681,98,146,0,34,26.92,83414.05,28.00,39.00,air_control_warmup_02
2024-10-02 10:07:00,342,451,429,113,681,359,399,198,304,26.92,83413.17,28.00,39.00,air_control_warmup_02
2024-10-02 10:07:00,342,451,429,113,681,346,437,202,289,26.92,83413.17,28.00,39.00,air_control_warmup_02
2024-10-02 10:07:00,341,450,429,113,681,142,180,24,198,26.92,83413.69,28.00,39.00,air_control_warmup_02
2024-10-02 10:07:00,342,451,429,113,681,331,419,193,277,26.92,83413.69,28.00,39.00,air_control_warmup_02
2024-10-02 10:07:00,341,450,429,112,681,308,377,166,289,26.92,83414.38,28.00,39.00,air_control_warmup_02
2024-10-02 10:07:00,341,450,429,113,681,195,193,0,16,26.92,83414.38,28.00,39.00,air_control_warmup_02
2024-10-02 10:07:00,341,451,429,112,681,93,153,0,14,26.92,83415.91,28.00,39.00,air_control_warmup_02
2024-10-02 10:07:00,342,451,429,113,681,371,458,206,283,26.92,83415.91,28.00,39.00,air_control_warmup_02
2024-10-02 10:07:00,342,451,429,112,681,327,391,144,165,26.92,83412.99,28.00,39.00,air_control_warmup_02
2024-10-02 10:07:00,342,451,429,112,681,130,162,0,29,26.92,83412.99,28.00,39.00,air_control_warmup_02
2024-10-02 10:07:01,342,450,429,112,680,119,188,0,35,26.93,83414.22,28.00,39.00,air_control_warmup_02
2024-10-02 10:07:01,341,450,429,113,681,352,435,207,302,26.93,83414.22,28.00,39.00,air_control_warmup_02
2024-10-02 10:07:01,341,451,429,113,681,361,426,200,290,26.92,83415.75,28.00,39.00,air_control_warmup_02
2024-10-02 10:07:01,341,450,429,113,681,229,283,80,147,26.92,83415.75,28.00,39.00,air_control_warmup_02
2024-10-02 10:07:01,341,450,429,113,680,75,148,0,23,26.93,83416.46,28.00,39.00,air_control_warmup_02
2024-10-02 10:07:01,341,450,429,113,681,358,432,194,299,26.93,83416.46,28.00,39.00,air_control_warmup_02
2024-10-02 10:07:01,342,451,429,113,681,320,342,103,246,26.92,83414.05,28.00,39.00,air_control_warmup_02
2024-10-02 10:07:01,341,451,429,112,681,360,419,168,251,26.92,83414.05,28.00,39.00,air_control_warmup_02
2024-10-02 10:07:01,342,450,428,112,680,192,239,0,22,26.93,83417.49,28.00,39.00,air_control_warmup_02
2024-10-02 10:07:01,341,450,429,112,680,138,167,0,18,26.93,83417.49,28.00,39.00,air_control_warmup_02
2024-10-02 10:07:01,341,450,429,113,681,371,434,195,312,26.93,83414.39,28.00,39.00,air_control_warmup_02
2024-10-02 10:07:01,342,450,428,113,680,282,341,124,214,26.93,83414.39,28.00,39.00,air_control_warmup_02
2024-10-02 10:07:01,341,451,429,112,681,167,210,0,56,26.93,83413.36,28.00,39.00,air_control_warmup_02
2024-10-02 10:07:01,341,450,429,113,681,83,146,0,21,26.93,83413.36,28.00,39.00,air_control_warmup_02
2024-10-02 10:07:01,341,450,428,112,681,372,435,167,282,26.93,83415.60,28.00,39.00,air_control_warmup_02
2024-10-02 10:07:01,341,450,429,113,681,348,407,182,294,26.93,83415.60,28.00,39.00,air_control_warmup_02
2024-10-02 10:07:01,341,450,428,112,681,118,181,0,20,26.93,83414.39,28.00,39.00,air_control_warmup_02
2024-10-02 10:07:01,341,451,429,113,680,69,150,0,16,26.93,83414.39,28.00,39.00,air_control_warmup_02
2024-10-02 10:07:01,341,451,429,113,681,373,450,229,314,26.93,83416.80,28.00,39.00,air_control_warmup_02
2024-10-02 10:07:01,341,450,428,112,680,374,422,205,213,26.93,83416.80,28.00,39.00,air_control_warmup_02
2024-10-02 10:07:01,341,450,428,112,681,343,398,168,240,26.93,83414.60,28.00,39.00,air_control_warmup_02
2024-10-02 10:07:01,341,450,429,113,681,117,168,0,27,26.93,83414.60,28.00,39.00,air_control_warmup_02
2024-10-02 10:07:01,341,450,428,112,681,139,172,166,311,26.93,83414.58,28.00,39.00,air_control_warmup_02
2024-10-02 10:07:01,341,450,429,113,681,369,428,192,219,26.93,83414.58,28.00,39.00,air_control_warmup_02
2024-10-02 10:07:01,341,450,429,112,681,251,315,88,175,26.93,83414.92,28.00,39.00,air_control_warmup_02
2024-10-02 10:07:01,341,450,428,112,680,74,148,0,48,26.93,83414.92,28.00,39.00,air_control_warmup_02
2024-10-02 10:07:01,341,450,428,112,681,153,252,136,271,26.93,83413.38,28.00,39.00,air_control_warmup_02
2024-10-02 10:07:01,341,450,428,112,681,237,282,85,153,26.93,83413.38,28.00,39.00,air_control_warmup_02
2024-10-02 10:07:01,341,450,429,112,680,89,154,0,17,26.93,83413.89,28.00,39.00,air_control_warmup_02
2024-10-02 10:07:01,341,451,428,112,680,355,422,197,302,26.93,83413.89,28.00,39.00,air_control_warmup_02
2024-10-02 10:07:01,341,450,429,112,681,358,430,171,215,26.93,83412.35,28.00,39.00,air_control_warmup_02
2024-10-02 10:07:02,341,450,429,112,680,333,407,186,272,26.93,83412.35,28.00,39.00,air_control_warmup_02
2024-10-02 10:07:02,341,450,428,112,680,127,147,0,22,26.93,83413.71,28.00,39.00,air_control_warmup_02
2024-10-02 10:07:02,341,450,428,112,681,104,163,0,26,26.93,83413.71,28.00,39.00,air_control_warmup_02
2024-10-02 10:07:02,341,450,428,112,681,385,450,217,299,26.93,83415.10,28.00,39.00,air_control_warmup_02
2024-10-02 10:07:02,341,450,429,112,681,344,372,132,198,26.93,83415.10,28.00,39.00,air_control_warmup_02
2024-10-02 10:07:02,341,450,429,112,680,74,151,0,33,26.93,83412.86,28.00,39.00,air_control_warmup_02
2024-10-02 10:07:02,341,450,429,112,680,117,171,0,45,26.93,83412.86,28.00,39.00,air_control_warmup_02
2024-10-02 10:07:02,341,450,429,112,681,362,442,219,288,26.93,83415.94,28.00,39.00,air_control_warmup_02
2024-10-02 10:07:02,341,450,428,112,681,352,446,187,242,26.93,83415.94,28.00,39.00,air_control_warmup_02
2024-10-02 10:07:02,341,450,428,112,680,165,156,0,45,26.93,83416.82,28.00,39.00,air_control_warmup_02
2024-10-02 10:07:02,341,450,429,113,680,74,148,0,14,26.93,83416.82,28.00,39.00,air_control_warmup_02
2024-10-02 10:07:02,341,450,429,113,680,361,444,197,288,26.93,83416.11,28.00,39.00,air_control_warmup_02
2024-10-02 10:07:02,341,450,429,112,680,347,338,86,193,26.93,83416.11,28.00,39.00,air_control_warmup_02
2024-10-02 10:07:02,341,451,428,112,681,336,400,181,269,26.93,83417.33,28.00,39.00,air_control_warmup_02
2024-10-02 10:07:02,341,450,428,112,681,179,223,0,18,26.93,83417.33,28.00,39.00,air_control_warmup_02
2024-10-02 10:07:02,341,450,429,112,680,146,164,0,37,26.93,83415.96,28.00,39.00,air_control_warmup_02
2024-10-02 10:07:02,341,450,428,112,680,362,447,213,307,26.93,83415.96,28.00,39.00,air_control_warmup_02
2024-10-02 10:07:02,341,450,428,112,681,292,355,105,205,26.93,83414.75,28.00,39.00,air_control_warmup_02
2024-10-02 10:07:02,341,450,428,113,680,84,154,0,41,26.93,83414.75,28.00,39.00,air_control_warmup_02
2024-10-02 10:07:02,341,450,428,112,680,89,164,0,36,26.92,83412.16,28.00,39.00,air_control_warmup_02
2024-10-02 10:07:02,341,450,429,112,680,350,427,176,261,26.92,83412.16,28.00,39.00,air_control_warmup_02
2024-10-02 10:07:02,341,450,428,112,681,344,421,160,231,26.93,83411.13,28.00,39.00,air_control_warmup_02
2024-10-02 10:07:02,341,450,428,112,680,69,162,0,63,26.93,83411.13,28.00,39.00,air_control_warmup_02
2024-10-02 10:07:02,341,450,428,112,680,75,162,0,31,26.92,83412.32,28.00,39.00,air_control_warmup_02
2024-10-02 10:07:02,341,450,428,112,681,382,441,202,311,26.92,83412.32,28.00,39.00,air_control_warmup_02
2024-10-02 10:07:02,341,450,428,112,681,293,306,98,214,26.93,83413.36,28.00,39.00,air_control_warmup_02
2024-10-02 10:07:02,341,450,429,112,680,352,406,176,207,26.93,83413.36,28.00,39.00,air_control_warmup_02
2024-10-02 10:07:02,341,450,428,112,680,166,173,0,16,26.93,83415.78,28.00,39.00,air_control_warmup_02
2024-10-02 10:07:02,341,450,428,112,681,133,164,191,303,26.93,83415.78,28.00,39.00,air_control_warmup_02
2024-10-02 10:07:02,341,450,428,112,680,336,420,182,275,26.93,83417.03,28.00,39.00,air_control_warmup_02
2024-10-02 10:07:02,341,450,428,112,681,235,314,77,157,26.93,83417.03,28.00,39.00,air_control_warmup_02
2024-10-02 10:07:03,341,450,428,112,680,90,139,0,16,26.93,83415.28,28.00,39.00,air_control_warmup_02
2024-10-02 10:07:03,341,450,428,112,680,147,222,99,278,26.93,83415.28,28.00,39.00,air_control_warmup_02
2024-10-02 10:07:03,341,450,428,113,681,234,275,85,194,26.93,83414.58,28.00,39.00,air_control_warmup_02
2024-10-02 10:07:03,341,450,429,112,681,189,155,0,10,26.93,83414.58,28.00,39.00,air_control_warmup_02
2024-10-02 10:07:03,341,450,428,112,680,364,426,194,304,26.93,83415.97,28.00,39.00,air_control_warmup_02
2024-10-02 10:07:03,341,450,428,112,680,321,366,161,251,26.93,83415.97,28.00,39.00,air_control_warmup_02
2024-10-02 10:07:03,341,450,429,112,680,338,394,185,267,26.93,83416.49,28.00,39.00,air_control_warmup_02
2024-10-02 10:07:03,341,450,428,112,681,145,163,0,32,26.93,83416.49,28.00,39.00,air_control_warmup_02
2024-10-02 10:07:03,341,450,428,112,681,130,160,0,28,26.93,83415.48,28.00,39.00,air_control_warmup_02
2024-10-02 10:07:03,341,450,429,112,681,380,436,202,317,26.93,83415.48,28.00,39.00,air_control_warmup_02
2024-10-02 10:07:03,341,450,429,112,681,344,411,164,221,26.93,83412.67,28.00,39.00,air_control_warmup_02
2024-10-02 10:07:03,341,451,429,112,680,102,157,0,24,26.93,83412.67,28.00,39.00,air_control_warmup_02
2024-10-02 10:07:03,341,450,428,113,681,66,161,0,31,26.93,83415.48,28.00,39.00,air_control_warmup_02
2024-10-02 10:07:03,341,450,429,113,681,346,431,190,299,26.93,83415.48,28.00,39.00,air_control_warmup_02
2024-10-02 10:07:03,341,450,429,113,680,347,418,186,270,26.93,83414.77,28.00,39.00,air_control_warmup_02
2024-10-02 10:07:03,341,450,428,113,681,129,153,0,37,26.93,83414.77,28.00,39.00,air_control_warmup_02
2024-10-02 10:07:03,341,450,429,112,680,75,160,0,50,26.93,83413.92,28.00,39.00,air_control_warmup_02
2024-10-02 10:07:03,341,450,429,112,681,371,471,209,315,26.93,83413.92,28.00,39.00,air_control_warmup_02
2024-10-02 10:07:03,341,450,428,113,681,357,444,169,176,26.93,83415.11,28.00,39.00,air_control_warmup_02
2024-10-02 10:07:03,341,450,429,112,681,313,410,178,258,26.93,83415.11,28.00,39.00,air_control_warmup_02
2024-10-02 10:07:03,341,450,429,112,681,125,152,0,9,26.93,83416.00,28.00,39.00,air_control_warmup_02
2024-10-02 10:07:03,341,450,429,113,681,131,164,0,34,26.93,83416.00,28.00,39.00,air_control_warmup_02
2024-10-02 10:07:03,341,450,428,112,681,356,428,152,247,26.93,83413.92,28.00,39.00,air_control_warmup_02
2024-10-02 10:07:03,341,450,429,113,680,300,324,126,198,26.93,83413.92,28.00,39.00,air_control_warmup_02
2024-10-02 10:07:03,341,450,428,112,680,78,149,0,19,26.93,83414.27,28.00,39.00,air_control_warmup_02
2024-10-02 10:07:03,341,451,429,113,680,77,143,0,22,26.93,83414.27,28.00,39.00,air_control_warmup_02
2024-10-02 10:07:03,341,450,429,112,681,360,436,201,297,26.93,83413.91,28.00,39.00,air_control_warmup_02
2024-10-02 10:07:03,341,450,429,113,680,338,425,187,287,26.93,83413.91,28.00,39.00,air_control_warmup_02
2024-10-02 10:07:03,341,450,429,113,681,119,160,0,19,26.94,83415.99,28.00,39.00,air_control_warmup_02
2024-10-02 10:07:03,341,450,429,113,681,79,151,0,29,26.94,83415.99,28.00,39.00,air_control_warmup_02
2024-10-02 10:07:03,341,450,429,113,681,376,442,206,313,26.94,83416.00,28.00,39.00,air_control_warmup_02
2024-10-02 10:07:04,342,451,429,113,681,389,424,212,216,26.94,83416.00,28.00,39.00,air_control_warmup_02
2024-10-02 10:07:04,341,451,429,113,681,340,387,169,233,26.94,83417.02,28.00,39.00,air_control_warmup_02
2024-10-02 10:07:04,341,450,428,113,681,113,193,0,75,26.94,83417.02,28.00,39.00,air_control_warmup_02
2024-10-02 10:07:04,341,450,428,113,681,133,174,64,297,26.94,83415.14,28.00,39.00,air_control_warmup_02
2024-10-02 10:07:04,342,451,429,112,681,340,415,197,289,26.94,83415.14,28.00,39.00,air_control_warmup_02
2024-10-02 10:07:04,341,450,429,113,681,256,305,91,181,26.94,83414.78,28.00,39.00,air_control_warmup_02
2024-10-02 10:07:04,341,450,429,113,681,125,166,0,22,26.94,83414.78,28.00,39.00,air_control_warmup_02
2024-10-02 10:07:04,341,451,429,113,680,112,187,38,218,26.94,83413.06,28.00,39.00,air_control_warmup_02
2024-10-02 10:07:04,341,450,429,112,680,244,310,70,170,26.94,83413.06,28.00,39.00,air_control_warmup_02
2024-10-02 10:07:04,341,451,429,113,681,99,154,0,34,26.94,83414.11,28.00,39.00,air_control_warmup_02
2024-10-02 10:07:04,341,450,429,113,680,256,408,185,287,26.94,83414.11,28.00,39.00,air_control_warmup_02
2024-10-02 10:07:04,341,450,429,113,680,375,426,181,286,26.94,83417.02,28.00,39.00,air_control_warmup_02
2024-10-02 10:07:04,341,451,429,113,681,344,414,176,272,26.94,83417.02,28.00,39.00,air_control_warmup_02
2024-10-02 10:07:04,341,450,429,113,680,166,217,0,94,26.93,83415.14,28.00,39.00,air_control_warmup_02
2024-10-02 10:07:04,341,450,429,113,680,71,149,0,29,26.93,83415.14,28.00,39.00,air_control_warmup_02
2024-10-02 10:07:04,341,450,429,113,680,371,435,214,301,26.93,83415.82,28.00,39.00,air_control_warmup_02
2024-10-02 10:07:04,341,450,429,113,680,349,402,165,246,26.93,83415.82,28.00,39.00,air_control_warmup_02
2024-10-02 10:07:04,342,450,429,113,680,95,150,0,28,26.93,83414.78,28.00,39.00,air_control_warmup_02
2024-10-02 10:07:04,341,451,429,113,681,114,164,0,14,26.93,83414.78,28.00,39.00,air_control_warmup_02
2024-10-02 10:07:04,341,450,429,113,681,356,434,188,271,26.94,83412.57,28.00,39.00,air_control_warmup_02
2024-10-02 10:07:04,341,450,429,113,680,341,409,188,233,26.94,83412.57,28.00,39.00,air_control_warmup_02
2024-10-02 10:07:04,341,451,429,113,680,225,273,0,58,26.94,83415.14,28.00,39.00,air_control_warmup_02
2024-10-02 10:07:04,341,450,429,113,680,114,173,0,22,26.94,83415.14,28.00,39.00,air_control_warmup_02
2024-10-02 10:07:04,341,451,429,113,681,349,446,210,309,26.94,83414.63,28.00,39.00,air_control_warmup_02
2024-10-02 10:07:04,341,450,429,113,681,350,417,167,282,26.94,83414.63,28.00,39.00,air_control_warmup_02
2024-10-02 10:07:04,342,451,429,113,681,345,371,176,252,26.94,83412.92,28.00,39.00,air_control_warmup_02
2024-10-02 10:07:04,342,450,429,113,681,233,243,0,18,26.94,83412.92,28.00,39.00,air_control_warmup_02
2024-10-02 10:07:04,342,450,429,113,681,126,152,0,24,26.94,83416.00,28.00,39.00,air_control_warmup_02
2024-10-02 10:07:04,341,450,429,113,681,334,420,208,308,26.94,83416.00,28.00,39.00,air_control_warmup_02
2024-10-02 10:07:04,341,450,429,113,680,313,336,117,197,26.94,83416.35,28.00,39.00,air_control_warmup_02
2024-10-02 10:07:05,341,450,429,113,681,142,165,0,25,26.94,83416.35,28.00,39.00,air_control_warmup_02
2024-10-02 10:07:05,341,451,429,113,680,141,182,0,48,26.94,83415.85,28.00,39.00,air_control_warmup_02
2024-10-02 10:07:05,341,450,429,113,681,367,436,211,294,26.94,83415.85,28.00,39.00,air_control_warmup_02
2024-10-02 10:07:05,341,450,429,113,680,333,383,163,273,26.94,83414.61,28.00,39.00,air_control_warmup_02
2024-10-02 10:07:05,341,450,429,113,681,118,153,0,12,26.94,83414.61,28.00,39.00,air_control_warmup_02
2024-10-02 10:07:05,341,450,429,113,681,86,159,0,30,26.94,83415.67,28.00,39.00,air_control_warmup_02
2024-10-02 10:07:05,342,450,429,113,681,357,437,206,288,26.94,83415.67,28.00,39.00,air_control_warmup_02
2024-10-02 10:07:05,341,451,429,113,681,313,390,216,282,26.94,83416.17,28.00,39.00,air_control_warmup_02
2024-10-02 10:07:05,341,450,429,113,681,342,398,176,225,26.94,83416.17,28.00,39.00,air_control_warmup_02
2024-10-02 10:07:05,341,450,429,113,680,99,180,0,32,26.94,83416.36,28.00,39.00,air_control_warmup_02
2024-10-02 10:07:05,341,450,428,113,681,136,161,128,301,26.94,83416.36,28.00,39.00,air_control_warmup_02
2024-10-02 10:07:05,342,450,428,113,681,362,433,192,259,26.94,83416.16,28.00,39.00,air_control_warmup_02
2024-10-02 10:07:05,341,450,429,113,681,272,300,98,191,26.94,83416.16,28.00,39.00,air_control_warmup_02
2024-10-02 10:07:05,341,450,429,113,681,88,159,0,43,26.94,83415.66,28.00,39.00,air_control_warmup_02
2024-10-02 10:07:05,341,450,429,113,681,112,185,50,236,26.94,83415.66,28.00,39.00,air_control_warmup_02
2024-10-02 10:07:05,342,451,429,113,680,249,290,96,170,26.94,83413.75,28.00,39.00,air_control_warmup_02
2024-10-02 10:07:05,341,450,429,113,681,101,149,0,12,26.94,83413.75,28.00,39.00,air_control_warmup_02
2024-10-02 10:07:05,342,451,429,113,681,338,411,193,297,26.94,83413.61,28.00,39.00,air_control_warmup_02
2024-10-02 10:07:05,341,450,429,113,681,320,419,205,251,26.94,83413.61,28.00,39.00,air_control_warmup_02
2024-10-02 10:07:05,341,450,428,113,681,323,426,181,279,26.94,83415.33,28.00,39.00,air_control_warmup_02
2024-10-02 10:07:05,341,450,429,113,681,166,159,0,33,26.94,83415.33,28.00,39.00,air_control_warmup_02
2024-10-02 10:07:05,341,450,429,113,680,96,158,0,19,26.94,83419.63,28.00,39.00,air_control_warmup_02
2024-10-02 10:07:05,342,450,429,113,681,383,455,220,313,26.94,83419.63,28.00,39.00,air_control_warmup_02
2024-10-02 10:07:05,341,450,429,113,681,341,395,163,213,26.95,83415.37,28.00,39.00,air_control_warmup_02
2024-10-02 10:07:05,341,451,429,113,681,125,147,0,11,26.95,83415.37,28.00,39.00,air_control_warmup_02
2024-10-02 10:07:05,341,450,429,113,680,75,150,0,17,26.94,83416.36,28.00,39.00,air_control_warmup_02
2024-10-02 10:07:05,341,450,429,113,680,370,431,211,285,26.94,83416.36,28.00,39.00,air_control_warmup_02
2024-10-02 10:07:05,342,451,429,113,680,347,429,194,235,26.94,83416.03,28.00,39.00,air_control_warmup_02
2024-10-02 10:07:05,342,450,429,113,680,249,280,0,30,26.94,83416.03,28.00,39.00,air_control_warmup_02
2024-10-02 10:07:05,341,450,429,113,680,92,150,0,12,26.94,83417.93,28.00,39.00,air_control_warmup_02
2024-10-02 10:07:05,342,450,429,113,681,351,445,214,318,26.94,83417.93,28.00,39.00,air_control_warmup_02
2024-10-02 10:07:06,341,450,429,113,681,337,373,173,266,26.94,83416.03,28.00,39.00,air_control_warmup_02
2024-10-02 10:07:06,341,450,429,113,680,329,421,176,282,26.94,83416.03,28.00,39.00,air_control_warmup_02
2024-10-02 10:07:06,341,450,429,113,681,230,239,0,19,26.94,83416.21,28.00,39.00,air_control_warmup_02
2024-10-02 10:07:06,341,450,428,113,681,137,156,0,40,26.94,83416.21,28.00,39.00,air_control_warmup_02
2024-10-02 10:07:06,341,451,429,113,681,344,431,206,308,26.94,83416.21,28.00,39.00,air_control_warmup_02
2024-10-02 10:07:06,341,450,428,113,680,320,371,152,215,26.94,83416.21,28.00,39.00,air_control_warmup_02
2024-10-02 10:07:06,341,450,429,113,681,125,176,0,43,26.94,83415.35,28.00,39.00,air_control_warmup_02
2024-10-02 10:07:06,341,450,429,113,681,87,156,0,19,26.94,83415.35,28.00,39.00,air_control_warmup_02
2024-10-02 10:07:06,341,450,428,113,681,380,442,212,327,26.94,83415.35,28.00,39.00,air_control_warmup_02
2024-10-02 10:07:06,341,450,429,113,681,353,418,189,304,26.94,83415.17,28.00,39.00,air_control_warmup_02
2024-10-02 10:07:06,341,450,429,113,681,148,147,0,14,26.94,83415.17,28.00,39.00,air_control_warmup_02
2024-10-02 10:07:06,341,450,429,113,680,85,153,0,15,26.95,83415.37,28.00,39.00,air_control_warmup_02
2024-10-02 10:07:06,341,450,429,113,681,369,447,206,302,26.95,83415.37,28.00,39.00,air_control_warmup_02
2024-10-02 10:07:06,341,450,429,113,680,334,429,199,276,26.95,83416.57,28.00,39.00,air_control_warmup_02
2024-10-02 10:07:06,341,450,429,113,680,345,403,194,267,26.95,83416.57,28.00,39.00,air_control_warmup_02
2024-10-02 10:07:06,341,450,429,113,680,228,171,0,14,26.95,83416.57,28.00,39.00,air_control_warmup_02
2024-10-02 10:07:06,341,450,428,113,681,152,166,112,262,26.95,83416.57,28.00,39.00,air_control_warmup_02
2024-10-02 10:07:06,341,450,429,113,681,327,424,189,296,26.95,83414.17,28.00,39.00,air_control_warmup_02
2024-10-02 10:07:06,341,451,429,113,680,272,331,113,210,26.95,83414.17,28.00,39.00,air_control_warmup_02
2024-10-02 10:07:06,341,450,429,113,681,80,167,0,34,26.94,83416.55,28.00,39.00,air_control_warmup_02
2024-10-02 10:07:06,341,450,429,113,680,170,289,182,282,26.94,83416.55,28.00,39.00,air_control_warmup_02
2024-10-02 10:07:06,341,451,429,113,680,269,319,111,162,26.95,83417.10,28.00,39.00,air_control_warmup_02
2024-10-02 10:07:06,341,450,429,113,680,116,154,0,18,26.95,83417.10,28.00,39.00,air_control_warmup_02
2024-10-02 10:07:06,341,450,429,113,681,350,443,208,302,26.95,83416.92,28.00,39.00,air_control_warmup_02
2024-10-02 10:07:06,342,450,429,113,681,318,351,128,264,26.95,83416.92,28.00,39.00,air_control_warmup_02
2024-10-02 10:07:06,342,450,429,113,681,364,392,191,256,26.95,83414.85,28.00,39.00,air_control_warmup_02
2024-10-02 10:07:06,341,450,429,113,680,160,200,0,28,26.95,83414.85,28.00,39.00,air_control_warmup_02
2024-10-02 10:07:06,341,450,429,113,680,146,151,0,35,26.95,83415.37,28.00,39.00,air_control_warmup_02
2024-10-02 10:07:06,342,450,429,113,681,372,444,190,314,26.95,83415.37,28.00,39.00,air_control_warmup_02
2024-10-02 10:07:06,341,450,429,113,680,328,365,136,199,26.94,83416.39,28.00,39.00,air_control_warmup_02
2024-10-02 10:07:06,341,450,429,113,681,98,161,0,59,26.94,83416.39,28.00,39.00,air_control_warmup_02
2024-10-02 10:07:07,341,450,428,113,681,142,155,0,32,26.95,83414.17,28.00,39.00,air_control_warmup_02
2024-10-02 10:07:07,341,450,429,113,681,355,417,175,294,26.95,83414.17,28.00,39.00,air_control_warmup_02
2024-10-02 10:07:07,342,451,429,113,680,363,383,133,241,26.94,83412.08,28.00,39.00,air_control_warmup_02
2024-10-02 10:07:07,341,450,429,113,681,149,176,0,28,26.94,83412.08,28.00,39.00,air_control_warmup_02
2024-10-02 10:07:07,341,450,428,113,681,71,151,0,27,26.95,83415.54,28.00,39.00,air_control_warmup_02
2024-10-02 10:07:07,341,450,429,113,681,391,447,201,304,26.95,83415.54,28.00,39.00,air_control_warmup_02
2024-10-02 10:07:07,341,450,429,113,681,342,431,217,264,26.95,83416.74,28.00,39.00,air_control_warmup_02
2024-10-02 10:07:07,341,450,429,114,681,348,401,168,283,26.95,83416.74,28.00,39.00,air_control_warmup_02
2024-10-02 10:07:07,341,450,429,113,680,146,151,0,16,26.95,83414.85,28.00,39.00,air_control_warmup_02
2024-10-02 10:07:07,341,450,428,113,680,138,171,4,263,26.95,83414.85,28.00,39.00,air_control_warmup_02
2024-10-02 10:07:07,341,450,429,113,680,346,423,196,296,26.95,83413.64,28.00,39.00,air_control_warmup_02
2024-10-02 10:07:07,341,450,429,113,680,282,364,130,218,26.95,83413.64,28.00,39.00,air_control_warmup_02
2024-10-02 10:07:07,341,450,429,113,680,165,174,0,16,26.95,83416.06,28.00,39.00,air_control_warmup_02
2024-10-02 10:07:07,341,450,429,113,680,116,171,15,198,26.95,83416.06,28.00,39.00,air_control_warmup_02
2024-10-02 10:07:07,341,450,429,113,681,362,437,208,307,26.95,83415.37,28.00,39.00,air_control_warmup_02
2024-10-02 10:07:07,342,450,429,113,681,344,392,178,266,26.95,83415.37,28.00,39.00,air_control_warmup_02
2024-10-02 10:07:07,341,451,429,113,680,140,159,0,27,26.95,83413.85,28.00,39.00,air_control_warmup_02
2024-10-02 10:07:07,341,450,429,113,680,71,146,0,13,26.95,83413.85,28.00,39.00,air_control_warmup_02
2024-10-02 10:07:07,341,450,429,113,680,376,451,202,307,26.95,83416.39,28.00,39.00,air_control_warmup_02
2024-10-02 10:07:07,341,450,429,113,680,387,454,205,222,26.95,83416.39,28.00,39.00,air_control_warmup_02
2024-10-02 10:07:07,341,450,429,113,680,122,149,0,27,26.95,83414.35,28.00,39.00,air_control_warmup_02
2024-10-02 10:07:07,341,450,429,113,681,78,145,0,13,26.95,83414.35,28.00,39.00,air_control_warmup_02
2024-10-02 10:07:07,341,450,429,113,681,376,428,185,280,26.95,83416.75,28.00,39.00,air_control_warmup_02
2024-10-02 10:07:07,341,450,429,113,680,360,379,145,197,26.95,83416.75,28.00,39.00,air_control_warmup_02
2024-10-02 10:07:07,341,450,429,113,680,220,277,68,163,26.95,83415.03,28.00,39.00,air_control_warmup_02
2024-10-02 10:07:07,341,450,429,113,681,83,171,0,21,26.95,83415.03,28.00,39.00,air_control_warmup_02
2024-10-02 10:07:07,341,450,429,113,680,353,427,192,308,26.95,83414.50,28.00,39.00,air_control_warmup_02
2024-10-02 10:07:07,341,450,429,113,680,229,286,0,42,26.95,83414.50,28.00,39.00,air_control_warmup_02
2024-10-02 10:07:07,341,450,429,113,680,68,151,0,27,26.95,83415.91,28.00,39.00,air_control_warmup_02
2024-10-02 10:07:07,341,450,429,113,680,368,412,207,306,26.95,83415.91,28.00,39.00,air_control_warmup_02
2024-10-02 10:07:07,341,450,429,113,681,344,412,154,186,26.95,83414.71,28.00,39.00,air_control_warmup_02
2024-10-02 10:07:08,342,450,428,113,681,337,437,172,261,26.95,83414.71,28.00,39.00,air_control_warmup_02
2024-10-02 10:07:08,341,450,428,113,680,146,163,0,28,26.95,83417.80,28.00,39.00,air_control_warmup_02
2024-10-02 10:07:08,341,450,428,113,680,125,151,0,26,26.95,83417.80,28.00,39.00,air_control_warmup_02
2024-10-02 10:07:08,341,450,428,113,680,359,439,223,299,26.95,83416.42,28.00,39.00,air_control_warmup_02
2024-10-02 10:07:08,341,450,429,113,680,332,356,110,208,26.95,83416.42,28.00,39.00,air_control_warmup_02
2024-10-02 10:07:08,341,450,429,113,681,176,170,0,10,26.95,83416.25,28.00,39.00,air_control_warmup_02
2024-10-02 10:07:08,341,450,428,113,680,98,176,0,64,26.95,83416.25,28.00,39.00,air_control_warmup_02
2024-10-02 10:07:08,341,450,428,113,680,356,435,182,263,26.96,83416.44,28.00,39.00,air_control_warmup_02
2024-10-02 10:07:08,341,450,429,113,681,342,419,185,208,26.96,83416.44,28.00,39.00,air_control_warmup_02
2024-10-02 10:07:08,341,450,429,113,680,114,163,0,74,26.95,83417.98,28.00,39.00,air_control_warmup_02
2024-10-02 10:07:08,341,450,429,113,681,92,143,0,30,26.95,83417.98,28.00,39.00,air_control_warmup_02
2024-10-02 10:07:08,341,450,429,113,680,382,430,211,292,26.96,83416.79,28.00,39.00,air_control_warmup_02
2024-10-02 10:07:08,341,450,428,113,681,328,301,101,220,26.96,83416.79,28.00,39.00,air_control_warmup_02
2024-10-02 10:07:08,341,450,429,113,680,343,400,171,263,26.96,83418.17,28.00,39.00,air_control_warmup_02
2024-10-02 10:07:08,342,450,428,113,680,96,150,0,49,26.96,83418.17,28.00,39.00,air_control_warmup_02
2024-10-02 10:07:08,341,450,428,113,680,125,167,0,27,26.96,83417.48,28.00,39.00,air_control_warmup_02
2024-10-02 10:07:08,341,450,429,113,680,352,438,206,328,26.96,83417.48,28.00,39.00,air_control_warmup_02
2024-10-02 10:07:08,341,450,428,113,680,281,348,116,197,26.95,83415.57,28.00,39.00,air_control_warmup_02
2024-10-02 10:07:08,341,450,429,113,680,112,152,0,33,26.95,83415.57,28.00,39.00,air_control_warmup_02
2024-10-02 10:07:08,341,450,429,113,680,121,161,0,59,26.95,83415.22,28.00,39.00,air_control_warmup_02
2024-10-02 10:07:08,341,450,428,113,680,348,394,166,288,26.95,83415.22,28.00,39.00,air_control_warmup_02
2024-10-02 10:07:08,341,450,429,113,680,344,249,148,274,26.95,83417.10,28.00,39.00,air_control_warmup_02
2024-10-02 10:07:08,341,450,428,113,680,174,171,0,22,26.95,83417.10,28.00,39.00,air_control_warmup_02
2024-10-02 10:07:08,341,450,428,113,680,87,161,0,11,26.96,83416.45,28.00,39.00,air_control_warmup_02
2024-10-02 10:07:08,341,450,429,113,680,351,430,176,293,26.96,83416.45,28.00,39.00,air_control_warmup_02
2024-10-02 10:07:08,341,450,428,113,680,269,354,183,204,26.95,83414.71,28.00,39.00,air_control_warmup_02
2024-10-02 10:07:08,341,450,429,113,680,298,311,42,42,26.95,83414.71,28.00,39.00,air_control_warmup_02
2024-10-02 10:07:08,341,450,428,113,680,77,154,0,53,26.95,83413.67,28.00,39.00,air_control_warmup_02
2024-10-02 10:07:08,341,450,428,113,680,140,160,180,240,26.95,83413.67,28.00,39.00,air_control_warmup_02
2024-10-02 10:07:08,341,450,429,113,680,334,396,188,292,26.95,83416.60,28.00,39.00,air_control_warmup_02
2024-10-02 10:07:09,341,450,429,113,680,244,296,80,183,26.95,83416.60,28.00,39.00,air_control_warmup_02
2024-10-02 10:07:09,341,450,428,113,680,87,160,0,18,26.96,83415.42,28.00,39.00,air_control_warmup_02
2024-10-02 10:07:09,341,450,428,113,680,133,210,88,284,26.96,83415.42,28.00,39.00,air_control_warmup_02
2024-10-02 10:07:09,341,450,428,113,680,253,298,87,194,26.96,83417.14,28.00,39.00,air_control_warmup_02
2024-10-02 10:07:09,341,450,428,113,680,150,160,0,13,26.96,83417.14,28.00,39.00,air_control_warmup_02
2024-10-02 10:07:09,341,450,428,113,680,367,416,188,297,26.96,83417.49,28.00,39.00,air_control_warmup_02
2024-10-02 10:07:09,341,450,428,113,680,347,421,192,274,26.96,83417.49,28.00,39.00,air_control_warmup_02
2024-10-02 10:07:09,341,450,429,113,680,348,422,188,294,26.96,83415.59,28.00,39.00,air_control_warmup_02
2024-10-02 10:07:09,341,450,428,113,680,175,161,0,14,26.96,83415.59,28.00,39.00,air_control_warmup_02
2024-10-02 10:07:09,341,450,428,113,680,90,157,0,27,26.96,83417.64,28.00,39.00,air_control_warmup_02
2024-10-02 10:07:09,341,450,429,113,680,359,429,186,287,26.96,83417.64,28.00,39.00,air_control_warmup_02
2024-10-02 10:07:09,341,450,428,113,680,348,413,170,233,26.96,83417.82,28.00,39.00,air_control_warmup_02
2024-10-02 10:07:09,341,450,429,113,680,74,144,0,51,26.96,83417.82,28.00,39.00,air_control_warmup_02
2024-10-02 10:07:09,341,450,429,113,680,134,172,0,41,26.96,83416.11,28.00,39.00,air_control_warmup_02
2024-10-02 10:07:09,341,450,428,113,681,331,410,194,287,26.96,83416.11,28.00,39.00,air_control_warmup_02
2024-10-02 10:07:09,341,450,429,113,680,344,360,117,265,26.96,83418.17,28.00,39.00,air_control_warmup_02
2024-10-02 10:07:09,341,450,428,113,681,190,229,0,43,26.96,83418.17,28.00,39.00,air_control_warmup_02
2024-10-02 10:07:09,341,450,429,113,680,74,153,0,14,26.96,83416.63,28.00,39.00,air_control_warmup_02
2024-10-02 10:07:09,341,450,429,113,680,354,448,233,313,26.96,83416.63,28.00,39.00,air_control_warmup_02
2024-10-02 10:07:09,341,450,428,113,681,352,377,187,308,26.96,83415.25,28.00,39.00,air_control_warmup_02
2024-10-02 10:07:09,341,450,429,113,680,351,425,188,260,26.96,83415.25,28.00,39.00,air_control_warmup_02
2024-10-02 10:07:09,341,450,429,113,680,109,199,46,78,26.96,83415.94,28.00,39.00,air_control_warmup_02
2024-10-02 10:07:09,341,450,429,113,681,129,158,0,18,26.96,83415.94,28.00,39.00,air_control_warmup_02
2024-10-02 10:07:09,341,450,429,113,680,374,460,210,270,26.96,83415.08,28.00,39.00,air_control_warmup_02
2024-10-02 10:07:09,341,450,428,113,680,307,324,105,207,26.96,83415.08,28.00,39.00,air_control_warmup_02
2024-10-02 10:07:09,341,450,428,113,680,76,158,0,37,26.96,83415.60,28.00,39.00,air_control_warmup_02
2024-10-02 10:07:09,341,450,428,113,680,95,153,0,25,26.96,83415.60,28.00,39.00,air_control_warmup_02
2024-10-02 10:07:09,341,450,428,113,680,366,419,200,251,26.96,83416.28,28.00,39.00,air_control_warmup_02
2024-10-02 10:07:09,341,450,429,113,680,354,431,194,268,26.96,83416.28,28.00,39.00,air_control_warmup_02
2024-10-02 10:07:09,341,450,428,113,680,71,166,0,58,26.96,83415.60,28.00,39.00,air_control_warmup_02
2024-10-02 10:07:09,341,450,428,113,680,100,154,0,13,26.96,83415.60,28.00,39.00,air_control_warmup_02
2024-10-02 10:07:10,341,450,429,113,680,376,479,218,321,26.96,83414.55,28.00,39.00,air_control_warmup_02
2024-10-02 10:07:10,341,449,429,113,680,358,370,153,292,26.96,83414.55,28.00,39.00,air_control_warmup_02
2024-10-02 10:07:10,341,450,429,113,680,330,408,212,222,26.96,83415.42,28.00,39.00,air_control_warmup_02
2024-10-02 10:07:10,341,450,428,113,680,155,203,0,12,26.96,83415.42,28.00,39.00,air_control_warmup_02
2024-10-02 10:07:10,341,450,428,113,680,138,174,175,280,26.96,83416.96,28.00,39.00,air_control_warmup_02
2024-10-02 10:07:10,341,450,429,113,680,363,403,142,264,26.96,83416.96,28.00,39.00,air_control_warmup_02
2024-10-02 10:07:10,341,450,428,113,680,241,305,98,163,26.95,83415.91,28.00,39.00,air_control_warmup_02
2024-10-02 10:07:10,341,450,429,113,680,107,151,0,20,26.95,83415.91,28.00,39.00,air_control_warmup_02
2024-10-02 10:07:10,341,450,429,113,680,206,366,202,286,26.96,83415.25,28.00,39.00,air_control_warmup_02
2024-10-02 10:07:10,341,450,428,113,681,221,300,93,161,26.96,83415.25,28.00,39.00,air_control_warmup_02
2024-10-02 10:07:10,341,450,428,113,680,68,141,0,37,26.96,83415.92,28.00,39.00,air_control_warmup_02
2024-10-02 10:07:10,341,450,428,113,680,358,420,208,304,26.96,83415.92,28.00,39.00,air_control_warmup_02
2024-10-02 10:07:10,341,450,428,112,680,347,423,198,295,26.96,83415.07,28.00,39.00,air_control_warmup_02
2024-10-02 10:07:10,341,450,428,113,680,326,414,194,274,26.96,83415.07,28.00,39.00,air_control_warmup_02
2024-10-02 10:07:10,340,449,428,112,680,163,191,0,15,26.96,83416.11,28.00,39.00,air_control_warmup_02
2024-10-02 10:07:10,340,450,428,113,680,124,153,0,37,26.96,83416.11,28.00,39.00,air_control_warmup_02
2024-10-02 10:07:10,341,449,429,113,680,362,447,213,315,26.96,83413.21,28.00,39.00,air_control_warmup_02
2024-10-02 10:07:10,341,450,429,112,680,328,394,147,185,26.96,83413.21,28.00,39.00,air_control_warmup_02
2024-10-02 10:07:10,341,450,428,113,680,107,159,0,25,26.96,83414.57,28.00,39.00,air_control_warmup_02
2024-10-02 10:07:10,340,450,428,113,680,69,165,0,24,26.96,83414.57,28.00,39.00,air_control_warmup_02
2024-10-02 10:07:10,341,450,429,113,680,359,440,203,284,26.96,83414.57,28.00,39.00,air_control_warmup_02
2024-10-02 10:07:10,341,450,428,113,680,344,429,192,291,26.96,83414.57,28.00,39.00,air_control_warmup_02
2024-10-02 10:07:10,341,449,428,113,680,161,164,0,27,26.97,83413.74,28.00,39.00,air_control_warmup_02
2024-10-02 10:07:10,341,450,428,113,680,99,156,0,21,26.97,83413.74,28.00,39.00,air_control_warmup_02
2024-10-02 10:07:10,340,450,429,113,680,369,438,194,308,26.97,83416.17,28.00,39.00,air_control_warmup_02
2024-10-02 10:07:10,341,450,429,113,680,295,419,167,213,26.97,83416.17,28.00,39.00,air_control_warmup_02
2024-10-02 10:07:10,341,450,429,113,680,344,403,188,259,26.96,83416.30,28.00,39.00,air_control_warmup_02
2024-10-02 10:07:10,341,451,429,113,680,156,151,0,17,26.96,83416.30,28.00,39.00,air_control_warmup_02
2024-10-02 10:07:10,340,450,429,113,680,133,161,0,141,26.97,83415.28,28.00,39.00,air_control_warmup_02
2024-10-02 10:07:10,341,450,429,113,680,327,422,186,320,26.97,83415.28,28.00,39.00,air_control_warmup_02
2024-10-02 10:07:10,341,450,429,113,680,261,317,107,187,26.97,83414.77,28.00,39.00,air_control_warmup_02
2024-10-02 10:07:11,341,450,429,112,680,151,146,0,24,26.97,83414.77,28.00,39.00,air_control_warmup_02
2024-10-02 10:07:11,341,449,428,113,680,160,171,15,200,26.97,83414.79,28.00,39.00,air_control_warmup_02
2024-10-02 10:07:11,341,450,428,113,680,355,423,180,288,26.97,83414.79,28.00,39.00,air_control_warmup_02
2024-10-02 10:07:11,341,450,429,113,680,327,377,196,262,26.97,83413.57,28.00,39.00,air_control_warmup_02
2024-10-02 10:07:11,341,450,428,113,680,244,192,0,13,26.97,83413.57,28.00,39.00,air_control_warmup_02
2024-10-02 10:07:11,341,450,428,113,680,78,160,0,17,26.97,83413.22,28.00,39.00,air_control_warmup_02
2024-10-02 10:07:11,341,450,429,113,680,365,427,197,282,26.97,83413.22,28.00,39.00,air_control_warmup_02
2024-10-02 10:07:11,341,450,428,113,680,267,382,169,210,26.97,83414.10,28.00,39.00,air_control_warmup_02
2024-10-02 10:07:11,341,450,429,113,681,76,149,0,19,26.97,83414.10,28.00,39.00,air_control_warmup_02
2024-10-02 10:07:11,341,450,428,113,680,163,198,0,15,26.97,83413.57,28.00,39.00,air_control_warmup_02
2024-10-02 10:07:11,341,450,429,113,680,387,433,210,310,26.97,83413.57,28.00,39.00,air_control_warmup_02
2024-10-02 10:07:11,341,450,429,113,680,349,361,162,239,26.97,83414.45,28.00,39.00,air_control_warmup_02
2024-10-02 10:07:11,341,450,428,113,680,228,290,64,57,26.97,83414.45,28.00,39.00,air_control_warmup_02
2024-10-02 10:07:11,341,450,428,113,680,87,151,0,12,26.97,83415.14,28.00,39.00,air_control_warmup_02
2024-10-02 10:07:11,341,450,429,113,680,267,419,190,286,26.97,83415.14,28.00,39.00,air_control_warmup_02
2024-10-02 10:07:11,341,450,428,113,680,246,317,64,124,26.97,83412.88,28.00,39.00,air_control_warmup_02
2024-10-02 10:07:11,341,450,429,113,680,104,143,0,19,26.97,83412.88,28.00,39.00,air_control_warmup_02
2024-10-02 10:07:11,341,450,429,113,680,353,438,190,293,26.97,83414.28,28.00,39.00,air_control_warmup_02
2024-10-02 10:07:11,341,450,428,113,680,371,331,131,238,26.97,83414.28,28.00,39.00,air_control_warmup_02
2024-10-02 10:07:11,341,450,429,113,680,346,400,175,271,26.97,83414.60,28.00,39.00,air_control_warmup_02
2024-10-02 10:07:11,341,450,429,113,680,179,192,0,40,26.97,83414.60,28.00,39.00,air_control_warmup_02
2024-10-02 10:07:11,341,450,428,113,680,128,155,0,23,26.97,83413.76,28.00,39.00,air_control_warmup_02
2024-10-02 10:07:11,341,450,428,113,681,375,442,204,343,26.97,83413.76,28.00,39.00,air_control_warmup_02
2024-10-02 10:07:11,341,450,428,113,680,338,375,101,162,26.96,83413.55,28.00,39.00,air_control_warmup_02
2024-10-02 10:07:11,341,450,428,113,680,114,174,0,30,26.96,83413.55,28.00,39.00,air_control_warmup_02
2024-10-02 10:07:11,341,450,429,113,680,88,168,0,22,26.96,83413.55,28.00,39.00,air_control_warmup_02
2024-10-02 10:07:11,341,450,428,113,680,367,455,211,299,26.96,83413.55,28.00,39.00,air_control_warmup_02
2024-10-02 10:07:11,341,450,429,113,680,345,416,197,291,26.97,83412.73,28.00,39.00,air_control_warmup_02
2024-10-02 10:07:11,341,450,429,113,680,100,149,0,20,26.97,83412.73,28.00,39.00,air_control_warmup_02
2024-10-02 10:07:11,341,450,429,113,680,74,146,0,32,26.97,83414.94,28.00,39.00,air_control_warmup_02
2024-10-02 10:07:11,341,450,428,113,680,371,447,201,302,26.97,83414.94,28.00,39.00,air_control_warmup_02
2024-10-02 10:07:12,341,450,428,113,680,320,425,173,179,26.97,83415.48,28.00,39.00,air_control_warmup_02
2024-10-02 10:07:12,341,450,429,113,680,350,406,190,250,26.97,83415.48,28.00,39.00,air_control_warmup_02
2024-10-02 10:07:12,341,450,428,113,680,107,146,0,13,26.97,83416.35,28.00,39.00,air_control_warmup_02
2024-10-02 10:07:12,341,450,428,113,680,142,148,174,271,26.97,83416.35,28.00,39.00,air_control_warmup_02
2024-10-02 10:07:12,341,450,429,113,680,356,442,202,290,26.97,83413.42,28.00,39.00,air_control_warmup_02
2024-10-02 10:07:12,341,450,429,113,680,275,314,112,176,26.97,83413.42,28.00,39.00,air_control_warmup_02
2024-10-02 10:07:12,341,449,428,113,680,97,154,0,17,26.97,83413.94,28.00,39.00,air_control_warmup_02
2024-10-02 10:07:12,341,450,429,113,680,227,401,189,282,26.97,83413.94,28.00,39.00,air_control_warmup_02
2024-10-02 10:07:12,341,449,429,113,680,314,406,164,211,26.97,83414.78,28.00,39.00,air_control_warmup_02
2024-10-02 10:07:12,341,450,428,113,680,346,407,186,265,26.97,83414.78,28.00,39.00,air_control_warmup_02
2024-10-02 10:07:12,341,450,429,113,680,120,158,0,19,26.97,83413.24,28.00,39.00,air_control_warmup_02
2024-10-02 10:07:12,340,450,428,113,680,90,147,0,27,26.97,83413.24,28.00,39.00,air_control_warmup_02
2024-10-02 10:07:12,341,450,429,113,680,386,441,218,312,26.97,83414.28,28.00,39.00,air_control_warmup_02
2024-10-02 10:07:12,341,450,428,113,680,374,382,147,245,26.97,83414.28,28.00,39.00,air_control_warmup_02
2024-10-02 10:07:12,341,450,428,113,680,107,163,0,32,26.97,83413.92,28.00,39.00,air_control_warmup_02
2024-10-02 10:07:12,341,450,428,112,680,138,158,0,74,26.97,83413.92,28.00,39.00,air_control_warmup_02
2024-10-02 10:07:12,341,449,428,113,681,366,428,188,285,26.97,83413.42,28.00,39.00,air_control_warmup_02
2024-10-02 10:07:12,341,450,429,113,680,356,426,194,246,26.97,83413.42,28.00,39.00,air_control_warmup_02
2024-10-02 10:07:12,341,450,428,113,680,207,243,0,60,26.97,83414.78,28.00,39.00,air_control_warmup_02
2024-10-02 10:07:12,340,450,428,112,680,70,150,0,40,26.97,83414.78,28.00,39.00,air_control_warmup_02
2024-10-02 10:07:12,341,450,428,113,680,363,428,188,239,26.97,83412.89,28.00,39.00,air_control_warmup_02
2024-10-02 10:07:12,341,450,428,113,680,185,192,0,30,26.97,83412.89,28.00,39.00,air_control_warmup_02
2024-10-02 10:07:12,341,450,428,113,680,64,142,0,18,26.97,83416.16,28.00,39.00,air_control_warmup_02
2024-10-02 10:07:12,341,450,428,113,680,374,455,221,309,26.97,83416.16,28.00,39.00,air_control_warmup_02
2024-10-02 10:07:12,341,449,428,113,680,339,407,171,288,26.97,83414.79,28.00,39.00,air_control_warmup_02
2024-10-02 10:07:12,341,449,428,113,680,341,410,189,293,26.97,83414.79,28.00,39.00,air_control_warmup_02
2024-10-02 10:07:12,340,449,428,113,680,219,243,0,28,26.97,83414.28,28.00,39.00,air_control_warmup_02
2024-10-02 10:07:12,341,450,428,113,680,125,157,0,24,26.97,83414.28,28.00,39.00,air_control_warmup_02
2024-10-02 10:07:12,340,450,428,112,680,350,425,211,310,26.97,83414.08,28.00,39.00,air_control_warmup_02
2024-10-02 10:07:12,341,450,428,112,680,303,344,128,192,26.97,83414.08,28.00,39.00,air_control_warmup_02
2024-10-02 10:07:13,340,450,428,113,680,117,174,0,13,26.97,83413.74,28.00,39.00,air_control_warmup_02
2024-10-02 10:07:13,341,450,428,113,680,176,224,0,33,26.97,83413.74,28.00,39.00,air_control_warmup_02
2024-10-02 10:07:13,341,450,428,113,680,358,434,220,284,26.97,83414.10,28.00,39.00,air_control_warmup_02
2024-10-02 10:07:13,341,450,428,113,680,334,399,182,292,26.97,83414.10,28.00,39.00,air_control_warmup_02
2024-10-02 10:07:13,340,449,428,113,680,138,152,0,24,26.98,83414.13,28.00,39.00,air_control_warmup_02
2024-10-02 10:07:13,340,450,428,112,680,71,150,0,20,26.98,83414.13,28.00,39.00,air_control_warmup_02
2024-10-02 10:07:13,341,450,428,113,680,371,435,203,304,26.98,83412.92,28.00,39.00,air_control_warmup_02
2024-10-02 10:07:13,341,449,428,112,680,328,413,177,180,26.98,83412.92,28.00,39.00,air_control_warmup_02
2024-10-02 10:07:13,340,450,428,113,680,360,307,64,64,26.98,83413.10,28.00,39.00,air_control_warmup_02
2024-10-02 10:07:13,340,449,428,113,680,264,203,0,21,26.98,83413.10,28.00,39.00,air_control_warmup_02
2024-10-02 10:07:13,340,449,428,113,680,132,178,164,260,26.97,83415.14,28.00,39.00,air_control_warmup_02
2024-10-02 10:07:13,341,449,428,113,680,333,409,189,293,26.97,83415.14,28.00,39.00,air_control_warmup_02
2024-10-02 10:07:13,340,450,428,112,680,253,341,104,211,26.97,83414.11,28.00,39.00,air_control_warmup_02
2024-10-02 10:07:13,341,449,428,113,680,89,152,0,36,26.97,83414.11,28.00,39.00,air_control_warmup_02
2024-10-02 10:07:13,341,449,428,112,680,219,397,194,285,26.97,83414.28,28.00,39.00,air_control_warmup_02
2024-10-02 10:07:13,340,449,428,112,680,354,421,181,302,26.97,83414.28,28.00,39.00,air_control_warmup_02
2024-10-02 10:07:13,341,450,428,112,680,348,411,192,292,26.97,83417.38,28.00,39.00,air_control_warmup_02
2024-10-02 10:07:13,340,449,428,112,680,216,202,0,14,26.97,83417.38,28.00,39.00,air_control_warmup_02
2024-10-02 10:07:13,341,449,428,113,680,79,154,0,27,26.97,83414.80,28.00,39.00,air_control_warmup_02
2024-10-02 10:07:13,340,449,428,113,680,364,430,179,262,26.97,83414.80,28.00,39.00,air_control_warmup_02
2024-10-02 10:07:13,340,449,429,113,680,341,437,178,217,26.97,83416.86,28.00,39.00,air_control_warmup_02
2024-10-02 10:07:13,341,449,429,112,680,68,157,0,39,26.98,83417.59,28.00,39.00,air_control_warmup_02
2024-10-02 10:07:13,340,449,428,112,680,180,159,0,27,26.98,83417.59,28.00,39.00,air_control_warmup_02
2024-10-02 10:07:13,340,449,428,112,680,371,399,160,252,26.98,83416.90,28.00,39.00,air_control_warmup_02
2024-10-02 10:07:13,341,450,428,113,680,353,348,113,248,26.98,83416.90,28.00,39.00,air_control_warmup_02
2024-10-02 10:07:13,341,449,428,112,680,126,150,0,10,26.98,83415.71,28.00,39.00,air_control_warmup_02
2024-10-02 10:07:13,341,449,428,112,680,329,434,159,222,26.98,83416.19,28.00,39.00,air_control_warmup_02
2024-10-02 10:07:13,341,450,428,112,680,313,424,190,230,26.98,83416.19,28.00,39.00,air_control_warmup_02
2024-10-02 10:07:13,340,450,428,113,680,88,156,0,72,26.98,83414.84,28.00,39.00,air_control_warmup_02
2024-10-02 10:07:13,341,450,428,112,680,82,141,0,23,26.98,83414.84,28.00,39.00,air_control_warmup_02
2024-10-02 10:07:13,341,449,428,112,680,368,450,225,327,26.98,83413.64,28.00,39.00,air_control_warmup_02
2024-10-02 10:07:14,340,450,428,112,680,366,445,198,289,26.98,83413.64,28.00,39.00,air_control_warmup_02
2024-10-02 10:07:14,340,450,428,113,680,352,407,186,225,26.98,83414.14,28.00,39.00,air_control_warmup_02
2024-10-02 10:07:14,340,449,428,112,680,147,198,0,37,26.98,83414.14,28.00,39.00,air_control_warmup_02
2024-10-02 10:07:14,341,449,428,112,680,158,161,0,291,26.98,83414.14,28.00,39.00,air_control_warmup_02
2024-10-02 10:07:14,340,450,428,112,680,360,418,190,289,26.98,83417.07,28.00,39.00,air_control_warmup_02
2024-10-02 10:07:14,340,449,428,112,680,251,314,102,198,26.98,83417.07,28.00,39.00,air_control_warmup_02
2024-10-02 10:07:14,340,449,428,112,680,78,157,0,54,26.98,83417.07,28.00,39.00,air_control_warmup_02
2024-10-02 10:07:14,341,450,428,112,680,137,162,0,152,26.98,83417.07,28.00,39.00,air_control_warmup_02
2024-10-02 10:07:14,340,449,428,113,680,322,389,178,293,26.98,83417.24,28.00,39.00,air_control_warmup_02
2024-10-02 10:07:14,340,449,428,112,679,359,398,184,285,26.98,83417.24,28.00,39.00,air_control_warmup_02
2024-10-02 10:07:14,340,450,428,112,680,198,168,0,48,26.98,83415.52,28.00,39.00,air_control_warmup_02
2024-10-02 10:07:14,341,449,428,112,680,70,148,0,18,26.98,83415.52,28.00,39.00,air_control_warmup_02
2024-10-02 10:07:14,340,449,428,112,680,345,427,209,317,26.98,83415.69,28.00,39.00,air_control_warmup_02
2024-10-02 10:07:14,341,449,428,112,680,313,365,222,251,26.98,83415.69,28.00,39.00,air_control_warmup_02
2024-10-02 10:07:14,341,449,428,112,680,234,171,0,16,26.98,83414.85,28.00,39.00,air_control_warmup_02
2024-10-02 10:07:14,340,449,428,112,680,202,185,0,16,26.98,83414.85,28.00,39.00,air_control_warmup_02
2024-10-02 10:07:14,341,450,428,113,680,348,437,205,244,26.98,83415.52,28.00,39.00,air_control_warmup_02
2024-10-02 10:07:14,340,449,428,112,680,315,417,181,274,26.98,83415.52,28.00,39.00,air_control_warmup_02
2024-10-02 10:07:14,340,449,428,112,680,245,321,93,176,26.98,83415.19,28.00,39.00,air_control_warmup_02
2024-10-02 10:07:14,340,449,428,113,680,99,159,0,24,26.98,83415.19,28.00,39.00,air_control_warmup_02
2024-10-02 10:07:14,340,450,429,112,680,312,421,194,283,26.98,83413.30,28.00,39.00,air_control_warmup_02
2024-10-02 10:07:14,340,449,428,112,680,346,382,149,254,26.98,83413.30,28.00,39.00,air_control_warmup_02
2024-10-02 10:07:14,341,449,428,112,680,359,424,207,272,26.98,83414.33,28.00,39.00,air_control_warmup_02
2024-10-02 10:07:14,340,449,428,113,680,200,224,0,25,26.98,83414.33,28.00,39.00,air_control_warmup_02
2024-10-02 10:07:14,341,450,428,112,680,74,167,0,21,26.99,83415.72,28.00,39.00,air_control_warmup_02
2024-10-02 10:07:14,341,450,428,112,680,356,427,197,318,26.99,83415.72,28.00,39.00,air_control_warmup_02
2024-10-02 10:07:14,340,449,428,112,680,247,360,162,243,26.98,83413.13,28.00,39.00,air_control_warmup_02
2024-10-02 10:07:14,341,450,428,113,680,115,165,0,32,26.98,83413.13,28.00,39.00,air_control_warmup_02
2024-10-02 10:07:14,340,450,428,112,680,163,160,0,12,26.98,83415.36,28.00,39.00,air_control_warmup_02
2024-10-02 10:07:14,340,450,428,113,680,355,357,96,178,26.98,83415.36,28.00,39.00,air_control_warmup_02
2024-10-02 10:07:14,340,449,428,113,680,111,157,0,17,26.99,83414.69,28.00,39.00,air_control_warmup_02
2024-10-02 10:07:15,340,449,428,112,680,136,194,0,54,26.99,83414.69,28.00,39.00,air_control_warmup_02
2024-10-02 10:07:15,341,450,429,112,680,365,442,224,299,26.99,83417.10,28.00,39.00,air_control_warmup_02
2024-10-02 10:07:15,340,450,428,112,680,354,447,198,288,26.99,83417.10,28.00,39.00,air_control_warmup_02
2024-10-02 10:07:15,340,449,428,113,680,124,145,0,40,26.99,83415.21,28.00,39.00,air_control_warmup_02
2024-10-02 10:07:15,341,449,428,112,680,77,144,0,26,26.99,83415.21,28.00,39.00,air_control_warmup_02
2024-10-02 10:07:15,341,449,428,112,680,372,464,217,334,26.99,83412.99,28.00,39.00,air_control_warmup_02
2024-10-02 10:07:15,340,449,428,112,680,350,444,197,247,26.99,83412.99,28.00,39.00,air_control_warmup_02
2024-10-02 10:07:15,340,449,428,112,680,344,407,194,256,26.99,83416.41,28.00,39.00,air_control_warmup_02
2024-10-02 10:07:15,340,449,428,112,679,158,154,0,25,26.99,83416.41,28.00,39.00,air_control_warmup_02
2024-10-02 10:07:15,340,449,428,113,680,126,154,0,122,26.99,83416.41,28.00,39.00,air_control_warmup_02
2024-10-02 10:07:15,340,449,428,112,680,344,413,183,301,26.99,83416.41,28.00,39.00,air_control_warmup_02
2024-10-02 10:07:15,340,449,428,112,680,258,316,116,195,26.99,83414.52,28.00,39.00,air_control_warmup_02
2024-10-02 10:07:15,340,450,429,113,680,86,149,0,24,26.99,83414.52,28.00,39.00,air_control_warmup_02
2024-10-02 10:07:15,340,449,428,112,680,66,170,0,87,26.99,83415.23,28.00,39.00,air_control_warmup_02
2024-10-02 10:07:15,340,450,428,112,680,357,434,191,267,26.99,83415.23,28.00,39.00,air_control_warmup_02
2024-10-02 10:07:15,340,450,428,113,680,347,427,204,283,26.99,83412.80,28.00,39.00,air_control_warmup_02
2024-10-02 10:07:15,340,449,428,112,680,111,152,0,92,26.99,83412.80,28.00,39.00,air_control_warmup_02
2024-10-02 10:07:15,340,450,428,113,679,79,154,0,18,26.98,83415.19,28.00,39.00,air_control_warmup_02
2024-10-02 10:07:15,341,450,429,112,680,378,440,198,307,26.98,83415.19,28.00,39.00,air_control_warmup_02
2024-10-02 10:07:15,340,450,428,112,680,340,371,100,128,26.98,83413.64,28.00,39.00,air_control_warmup_02
2024-10-02 10:07:15,340,450,428,112,680,324,329,0,36,26.98,83413.64,28.00,39.00,air_control_warmup_02
2024-10-02 10:07:15,340,449,428,112,680,72,168,0,35,26.99,83416.79,28.00,39.00,air_control_warmup_02
2024-10-02 10:07:15,340,450,428,112,680,161,152,4,280,26.99,83416.79,28.00,39.00,air_control_warmup_02
2024-10-02 10:07:15,340,449,428,112,680,366,423,188,265,26.99,83415.75,28.00,39.00,air_control_warmup_02
2024-10-02 10:07:15,341,449,428,112,680,265,317,104,202,26.99,83415.75,28.00,39.00,air_control_warmup_02
2024-10-02 10:07:15,340,449,428,112,680,104,178,0,33,26.99,83414.90,28.00,39.00,air_control_warmup_02
2024-10-02 10:07:15,341,450,428,112,680,101,171,49,239,26.99,83414.90,28.00,39.00,air_control_warmup_02
2024-10-02 10:07:15,340,450,428,113,680,331,413,187,256,26.99,83413.33,28.00,39.00,air_control_warmup_02
2024-10-02 10:07:15,340,449,428,112,680,298,402,177,251,26.99,83413.33,28.00,39.00,air_control_warmup_02
2024-10-02 10:07:15,340,449,428,112,680,67,148,0,13,26.99,83417.46,28.00,39.00,air_control_warmup_02
2024-10-02 10:07:15,340,449,428,112,680,70,149,0,16,26.99,83417.46,28.00,39.00,air_control_warmup_02
2024-10-02 10:07:16,341,450,428,112,680,365,438,210,307,26.99,83413.50,28.00,39.00,air_control_warmup_02
2024-10-02 10:07:16,340,449,428,112,680,357,400,160,267,26.99,83413.50,28.00,39.00,air_control_warmup_02
2024-10-02 10:07:16,340,450,428,112,680,79,159,0,49,26.99,83417.12,28.00,39.00,air_control_warmup_02
2024-10-02 10:07:16,340,450,428,113,680,340,437,210,304,26.99,83417.12,28.00,39.00,air_control_warmup_02
2024-10-02 10:07:16,340,449,428,112,680,270,343,166,254,26.99,83413.69,28.00,39.00,air_control_warmup_02
2024-10-02 10:07:16,340,450,428,112,680,153,158,0,15,26.99,83413.69,28.00,39.00,air_control_warmup_02
2024-10-02 10:07:16,340,449,428,113,680,173,211,0,18,26.99,83413.50,28.00,39.00,air_control_warmup_02
2024-10-02 10:07:16,340,449,428,112,680,370,450,224,295,26.99,83413.50,28.00,39.00,air_control_warmup_02
2024-10-02 10:07:16,340,450,428,112,680,350,432,198,286,26.99,83413.85,28.00,39.00,air_control_warmup_02
2024-10-02 10:07:16,340,449,428,112,680,228,225,0,40,26.99,83413.85,28.00,39.00,air_control_warmup_02
2024-10-02 10:07:16,341,450,428,112,680,86,153,0,13,26.99,83413.53,28.00,39.00,air_control_warmup_02
2024-10-02 10:07:16,340,450,428,112,680,343,466,206,308,26.99,83413.53,28.00,39.00,air_control_warmup_02
2024-10-02 10:07:16,340,449,429,113,680,356,428,184,257,26.99,83415.93,28.00,39.00,air_control_warmup_02
2024-10-02 10:07:16,340,450,428,112,680,344,401,185,277,26.99,83415.93,28.00,39.00,air_control_warmup_02
2024-10-02 10:07:16,340,449,428,113,680,144,154,0,70,26.99,83414.02,28.00,39.00,air_control_warmup_02
2024-10-02 10:07:16,340,449,428,112,680,119,179,0,35,26.99,83414.02,28.00,39.00,air_control_warmup_02
2024-10-02 10:07:16,341,450,428,112,680,359,394,171,299,26.99,83414.39,28.00,39.00,air_control_warmup_02
2024-10-02 10:07:16,340,449,429,113,680,333,364,134,179,26.99,83414.39,28.00,39.00,air_control_warmup_02
2024-10-02 10:07:16,340,449,428,112,680,145,179,0,38,26.99,83414.56,28.00,39.00,air_control_warmup_02
2024-10-02 10:07:16,340,450,428,113,680,99,158,0,28,26.99,83414.56,28.00,39.00,air_control_warmup_02
2024-10-02 10:07:16,340,449,428,113,680,337,391,183,275,26.99,83414.38,28.00,39.00,air_control_warmup_02
2024-10-02 10:07:16,341,449,428,112,680,302,362,160,290,26.99,83414.38,28.00,39.00,air_control_warmup_02
2024-10-02 10:07:16,340,449,428,113,680,176,194,0,32,26.99,83414.21,28.00,39.00,air_control_warmup_02
2024-10-02 10:07:16,340,449,428,112,680,81,149,0,10,26.99,83414.21,28.00,39.00,air_control_warmup_02
2024-10-02 10:07:16,340,449,429,113,680,339,433,202,293,26.99,83415.07,28.00,39.00,air_control_warmup_02
2024-10-02 10:07:16,340,450,428,112,680,344,416,159,249,26.99,83415.07,28.00,39.00,air_control_warmup_02
2024-10-02 10:07:16,340,450,429,113,680,332,397,181,261,26.99,83414.03,28.00,39.00,air_control_warmup_02
2024-10-02 10:07:16,340,450,428,112,680,93,157,0,32,26.99,83414.03,28.00,39.00,air_control_warmup_02
2024-10-02 10:07:16,340,450,428,112,680,123,155,49,294,27.00,83415.08,28.00,39.00,air_control_warmup_02
2024-10-02 10:07:16,341,450,428,112,680,339,421,208,238,27.00,83415.08,28.00,39.00,air_control_warmup_02
2024-10-02 10:07:17,340,450,428,112,680,251,309,105,178,26.99,83416.10,28.00,39.00,air_control_warmup_02
2024-10-02 10:07:17,340,450,429,113,680,115,151,0,8,26.99,83416.10,28.00,39.00,air_control_warmup_02
2024-10-02 10:07:17,340,450,429,113,680,135,180,51,250,26.99,83415.24,28.00,39.00,air_control_warmup_02
2024-10-02 10:07:17,340,450,429,112,679,342,408,191,296,26.99,83415.24,28.00,39.00,air_control_warmup_02
2024-10-02 10:07:17,340,449,429,112,680,308,379,156,267,27.00,83415.08,28.00,39.00,air_control_warmup_02
2024-10-02 10:07:17,340,450,428,112,680,169,144,0,20,27.00,83415.08,28.00,39.00,air_control_warmup_02
2024-10-02 10:07:17,341,449,428,113,680,72,148,0,15,27.00,83416.63,28.00,39.00,air_control_warmup_02
2024-10-02 10:07:17,341,450,428,113,680,353,377,162,277,27.00,83416.63,28.00,39.00,air_control_warmup_02
2024-10-02 10:07:17,340,450,428,113,680,84,142,0,49,26.99,83416.44,28.00,39.00,air_control_warmup_02
2024-10-02 10:07:17,340,450,429,112,680,112,146,0,14,26.99,83416.44,28.00,39.00,air_control_warmup_02
2024-10-02 10:07:17,340,450,429,113,680,367,436,202,296,26.99,83414.38,28.00,39.00,air_control_warmup_02
2024-10-02 10:07:17,340,450,429,113,680,376,429,148,208,26.99,83414.38,28.00,39.00,air_control_warmup_02
2024-10-02 10:07:17,340,450,428,113,679,107,151,0,46,27.00,83413.53,28.00,39.00,air_control_warmup_02
2024-10-02 10:07:17,340,450,428,113,679,98,146,0,31,27.00,83413.53,28.00,39.00,air_control_warmup_02
2024-10-02 10:07:17,340,449,428,112,680,376,451,198,297,27.00,83413.36,28.00,39.00,air_control_warmup_02
2024-10-02 10:07:17,340,450,429,113,680,336,423,193,292,27.00,83413.36,28.00,39.00,air_control_warmup_02
2024-10-02 10:07:17,341,450,428,112,680,223,298,63,126,27.00,83414.22,28.00,39.00,air_control_warmup_02
2024-10-02 10:07:17,340,449,429,112,680,72,143,0,46,27.00,83414.22,28.00,39.00,air_control_warmup_02
2024-10-02 10:07:17,340,450,428,113,680,356,447,214,314,27.00,83415.96,28.00,39.00,air_control_warmup_02
2024-10-02 10:07:17,341,449,428,113,680,359,417,129,258,27.00,83415.96,28.00,39.00,air_control_warmup_02
2024-10-02 10:07:17,340,450,428,113,680,333,378,189,271,27.00,83414.39,28.00,39.00,air_control_warmup_02
2024-10-02 10:07:17,341,450,428,113,680,198,233,0,22,27.00,83414.39,28.00,39.00,air_control_warmup_02
2024-10-02 10:07:17,340,449,428,113,680,130,164,0,30,26.99,83413.35,28.00,39.00,air_control_warmup_02
2024-10-02 10:07:17,341,450,428,112,680,358,435,209,325,26.99,83413.35,28.00,39.00,air_control_warmup_02
2024-10-02 10:07:17,340,450,428,113,680,349,349,123,187,27.00,83415.44,28.00,39.00,air_control_warmup_02
2024-10-02 10:07:17,340,450,429,112,680,140,172,0,28,27.00,83415.44,28.00,39.00,air_control_warmup_02
2024-10-02 10:07:17,340,449,429,113,680,157,153,0,53,27.00,83415.61,28.00,39.00,air_control_warmup_02
2024-10-02 10:07:17,340,450,428,112,680,369,416,179,300,27.00,83415.61,28.00,39.00,air_control_warmup_02
2024-10-02 10:07:17,340,450,428,113,680,344,379,157,173,26.99,83415.07,28.00,39.00,air_control_warmup_02
2024-10-02 10:07:17,341,450,428,112,680,178,171,0,39,26.99,83415.07,28.00,39.00,air_control_warmup_02
2024-10-02 10:07:17,340,450,429,113,680,75,147,0,24,26.99,83414.55,28.00,39.00,air_control_warmup_02
2024-10-02 10:07:18,340,450,429,113,680,362,440,193,290,26.99,83414.55,28.00,39.00,air_control_warmup_02
2024-10-02 10:07:18,341,450,428,113,680,299,381,146,251,27.00,83415.77,28.00,39.00,air_control_warmup_02
2024-10-02 10:07:18,340,450,428,112,680,356,408,174,211,27.00,83415.77,28.00,39.00,air_control_warmup_02
2024-10-02 10:07:18,340,449,428,112,680,147,146,0,21,27.00,83416.80,28.00,39.00,air_control_warmup_02
2024-10-02 10:07:18,341,450,429,112,680,152,242,209,267,27.00,83416.80,28.00,39.00,air_control_warmup_02
2024-10-02 10:07:18,340,450,429,113,680,367,438,191,285,27.00,83414.74,28.00,39.00,air_control_warmup_02
2024-10-02 10:07:18,341,450,429,113,680,217,302,81,181,27.00,83414.74,28.00,39.00,air_control_warmup_02
2024-10-02 10:07:18,340,449,428,112,680,74,155,0,29,27.00,83417.36,28.00,39.00,air_control_warmup_02
2024-10-02 10:07:18,341,450,428,113,680,176,319,196,280,27.00,83417.36,28.00,39.00,air_control_warmup_02
2024-10-02 10:07:18,340,450,428,113,680,318,347,201,265,27.00,83416.17,28.00,39.00,air_control_warmup_02
2024-10-02 10:07:18,341,450,428,112,680,322,380,178,282,27.00,83416.17,28.00,39.00,air_control_warmup_02
2024-10-02 10:07:18,340,449,428,112,680,210,236,0,45,27.00,83413.23,28.00,39.00,air_control_warmup_02
2024-10-02 10:07:18,340,450,428,112,680,87,176,0,20,27.00,83413.23,28.00,39.00,air_control_warmup_02
2024-10-02 10:07:18,341,450,428,112,680,358,422,181,274,27.00,83417.53,28.00,39.00,air_control_warmup_02
2024-10-02 10:07:18,340,449,428,112,680,201,155,0,30,27.00,83417.53,28.00,39.00,air_control_warmup_02
2024-10-02 10:07:18,340,450,428,112,680,83,154,0,26,27.00,83415.12,28.00,39.00,air_control_warmup_02
2024-10-02 10:07:18,340,450,428,112,680,371,420,175,307,27.00,83415.12,28.00,39.00,air_control_warmup_02
2024-10-02 10:07:18,341,450,428,112,680,298,408,198,185,27.00,83415.27,28.00,39.00,air_control_warmup_02
2024-10-02 10:07:18,340,449,428,112,680,94,147,0,19,27.00,83415.27,28.00,39.00,air_control_warmup_02
2024-10-02 10:07:18,340,450,428,113,680,78,149,0,16,27.00,83414.41,28.00,39.00,air_control_warmup_02
2024-10-02 10:07:18,340,450,429,112,680,364,446,223,288,27.00,83414.41,28.00,39.00,air_control_warmup_02
2024-10-02 10:07:18,340,449,428,112,680,352,415,198,291,27.00,83414.05,28.00,39.00,air_control_warmup_02
2024-10-02 10:07:18,340,450,428,113,680,242,260,0,14,27.00,83414.05,28.00,39.00,air_control_warmup_02
2024-10-02 10:07:18,340,449,428,113,680,110,147,0,11,27.00,83415.10,28.00,39.00,air_control_warmup_02
2024-10-02 10:07:18,341,449,428,112,680,351,434,195,304,27.00,83415.10,28.00,39.00,air_control_warmup_02
2024-10-02 10:07:18,340,449,428,112,680,317,395,184,198,27.00,83415.12,28.00,39.00,air_control_warmup_02
2024-10-02 10:07:18,340,450,428,112,680,345,409,191,266,27.00,83415.12,28.00,39.00,air_control_warmup_02
2024-10-02 10:07:18,340,450,428,113,680,130,144,0,14,27.00,83415.64,28.00,39.00,air_control_warmup_02
2024-10-02 10:07:18,340,450,428,112,680,157,161,0,23,27.00,83415.64,28.00,39.00,air_control_warmup_02
2024-10-02 10:07:18,340,450,428,112,680,379,453,209,307,27.00,83414.60,28.00,39.00,air_control_warmup_02
2024-10-02 10:07:18,340,450,428,112,681,303,339,108,192,27.00,83414.60,28.00,39.00,air_control_warmup_02
2024-10-02 10:07:19,340,450,428,113,680,74,148,0,35,27.00,83415.29,28.00,39.00,air_control_warmup_02
2024-10-02 10:07:19,340,450,429,113,680,73,152,0,27,27.00,83415.29,28.00,39.00,air_control_warmup_02
2024-10-02 10:07:19,341,450,428,113,680,369,451,199,283,27.00,83415.78,28.00,39.00,air_control_warmup_02
2024-10-02 10:07:19,340,450,428,112,680,336,441,191,288,27.00,83415.78,28.00,39.00,air_control_warmup_02
2024-10-02 10:07:19,340,450,429,112,680,111,141,0,35,27.00,83416.52,28.00,39.00,air_control_warmup_02
2024-10-02 10:07:19,340,450,428,112,680,68,152,0,25,27.00,83416.52,28.00,39.00,air_control_warmup_02
2024-10-02 10:07:19,340,450,428,112,680,377,459,218,322,27.00,83414.97,28.00,39.00,air_control_warmup_02
2024-10-02 10:07:19,340,449,428,112,680,356,425,194,265,27.00,83414.97,28.00,39.00,air_control_warmup_02
2024-10-02 10:07:19,340,449,428,112,680,342,408,182,190,27.00,83416.35,28.00,39.00,air_control_warmup_02
2024-10-02 10:07:19,340,450,428,112,680,177,246,41,50,27.00,83416.35,28.00,39.00,air_control_warmup_02
2024-10-02 10:07:19,340,449,428,112,680,138,163,164,290,27.01,83414.10,28.00,39.00,air_control_warmup_02
2024-10-02 10:07:19,341,450,428,112,680,348,430,161,274,27.01,83414.10,28.00,39.00,air_control_warmup_02
2024-10-02 10:07:19,341,450,428,113,680,258,306,72,171,27.00,83414.97,28.00,39.00,air_control_warmup_02
2024-10-02 10:07:19,340,450,428,112,679,163,166,0,23,27.00,83414.97,28.00,39.00,air_control_warmup_02
2024-10-02 10:07:19,340,450,428,112,680,202,359,205,286,27.01,83416.33,28.00,39.00,air_control_warmup_02
2024-10-02 10:07:19,340,449,429,112,680,356,383,143,267,27.01,83416.33,28.00,39.00,air_control_warmup_02
2024-10-02 10:07:19,340,450,429,113,680,321,395,177,282,27.00,83413.25,28.00,39.00,air_control_warmup_02
2024-10-02 10:07:19,340,450,428,112,679,163,211,0,65,27.00,83413.25,28.00,39.00,air_control_warmup_02
2024-10-02 10:07:19,340,450,428,112,680,64,149,0,37,27.00,83412.90,29.00,40.00,air_control_warmup_02
2024-10-02 10:07:19,340,449,428,112,680,366,415,167,292,27.00,83412.90,29.00,40.00,air_control_warmup_02
2024-10-02 10:07:19,340,449,428,112,680,96,205,47,74,27.00,83413.60,29.00,40.00,air_control_warmup_02
2024-10-02 10:07:19,340,450,428,112,680,73,145,0,16,27.00,83413.60,29.00,40.00,air_control_warmup_02
2024-10-02 10:07:19,340,449,428,112,680,373,456,211,318,27.00,83413.76,29.00,40.00,air_control_warmup_02
2024-10-02 10:07:19,341,449,428,113,680,387,457,181,252,27.00,83413.76,29.00,40.00,air_control_warmup_02
2024-10-02 10:07:19,340,449,428,112,680,87,166,0,36,27.01,83411.35,29.00,40.00,air_control_warmup_02
2024-10-02 10:07:19,340,449,428,112,680,112,157,0,19,27.01,83411.35,29.00,40.00,air_control_warmup_02
2024-10-02 10:07:19,340,449,428,113,680,370,450,206,283,27.00,83411.17,29.00,40.00,air_control_warmup_02
2024-10-02 10:07:19,340,450,428,113,680,340,435,185,229,27.00,83411.17,29.00,40.00,air_control_warmup_02
2024-10-02 10:07:19,340,450,428,112,680,204,181,8,47,27.01,83413.07,29.00,40.00,air_control_warmup_02
2024-10-02 10:07:19,340,450,428,112,680,73,152,0,13,27.01,83413.07,29.00,40.00,air_control_warmup_02
2024-10-02 10:07:19,340,450,428,113,680,362,439,192,291,27.01,83413.75,29.00,40.00,air_control_warmup_02
2024-10-02 10:07:20,341,449,428,112,680,346,358,100,204,27.01,83413.75,29.00,40.00,air_control_warmup_02
2024-10-02 10:07:20,340,450,428,112,680,356,402,174,268,27.01,83414.61,29.00,40.00,air_control_warmup_02
2024-10-02 10:07:20,340,449,428,112,680,79,159,0,30,27.01,83414.61,29.00,40.00,air_control_warmup_02
2024-10-02 10:07:20,340,449,428,113,680,100,161,0,44,27.00,83413.25,29.00,40.00,air_control_warmup_02
2024-10-02 10:07:20,341,449,428,113,680,361,428,209,304,27.00,83413.25,29.00,40.00,air_control_warmup_02
2024-10-02 10:07:20,340,450,428,113,680,346,349,102,165,27.01,83415.13,29.00,40.00,air_control_warmup_02
2024-10-02 10:07:20,340,449,429,112,680,162,184,0,28,27.01,83415.13,29.00,40.00,air_control_warmup_02
2024-10-02 10:07:20,340,449,428,113,680,134,183,0,42,27.01,83415.83,29.00,40.00,air_control_warmup_02
2024-10-02 10:07:20,341,450,428,112,680,357,425,182,262,27.01,83415.83,29.00,40.00,air_control_warmup_02
2024-10-02 10:07:20,340,450,429,112,680,360,388,165,221,27.01,83415.13,29.00,40.00,air_control_warmup_02
2024-10-02 10:07:20,340,450,428,112,680,155,163,0,30,27.01,83415.13,29.00,40.00,air_control_warmup_02
2024-10-02 10:07:20,340,449,429,112,679,90,151,0,33,27.01,83413.24,29.00,40.00,air_control_warmup_02
2024-10-02 10:07:20,340,450,428,112,680,377,447,213,304,27.01,83413.24,29.00,40.00,air_control_warmup_02
2024-10-02 10:07:20,340,450,429,113,680,303,374,182,293,27.01,83411.71,29.00,40.00,air_control_warmup_02
2024-10-02 10:07:20,340,449,428,112,680,343,407,185,249,27.01,83411.71,29.00,40.00,air_control_warmup_02
2024-10-02 10:07:20,340,450,428,112,680,80,153,0,39,27.00,83412.56,29.00,40.00,air_control_warmup_02
2024-10-02 10:07:20,341,450,428,113,680,145,169,0,285,27.00,83412.56,29.00,40.00,air_control_warmup_02
2024-10-02 10:07:20,340,450,428,112,680,345,441,206,312,27.00,83413.07,29.00,40.00,air_control_warmup_02
2024-10-02 10:07:20,340,450,428,112,680,251,318,104,172,27.01,83413.07,29.00,40.00,air_control_warmup_02
2024-10-02 10:07:20,340,450,428,112,680,160,158,0,18,27.01,83413.92,29.00,40.00,air_control_warmup_02
2024-10-02 10:07:20,340,450,429,112,680,90,171,39,225,27.01,83413.92,29.00,40.00,air_control_warmup_02
2024-10-02 10:07:20,340,449,428,112,680,359,419,165,259,27.01,83416.17,29.00,40.00,air_control_warmup_02
2024-10-02 10:07:20,340,450,428,112,680,357,395,173,286,27.01,83416.17,29.00,40.00,air_control_warmup_02
2024-10-02 10:07:20,340,449,428,112,679,360,429,206,300,27.01,83415.67,29.00,40.00,air_control_warmup_02
2024-10-02 10:07:20,340,450,428,112,680,351,441,188,232,27.01,83415.67,29.00,40.00,air_control_warmup_02
2024-10-02 10:07:20,340,449,428,112,680,358,393,186,265,27.01,83411.36,29.00,40.00,air_control_warmup_02
2024-10-02 10:07:20,340,449,428,112,679,114,153,0,18,27.01,83411.36,29.00,40.00,air_control_warmup_02
2024-10-02 10:07:20,340,450,428,112,681,121,157,0,27,27.01,83414.63,29.00,40.00,air_control_warmup_02
2024-10-02 10:07:20,340,450,428,112,680,365,450,224,299,27.01,83414.63,29.00,40.00,air_control_warmup_02
2024-10-02 10:07:20,340,450,428,112,680,314,334,99,191,27.01,83412.74,29.00,40.00,air_control_warmup_02
2024-10-02 10:07:21,340,449,428,112,680,77,156,0,67,27.01,83412.74,29.00,40.00,air_control_warmup_02
2024-10-02 10:07:21,341,449,428,112,680,75,162,0,34,27.01,83413.92,29.00,40.00,air_control_warmup_02
2024-10-02 10:07:21,340,449,428,112,680,361,423,187,291,27.01,83413.92,29.00,40.00,air_control_warmup_02
2024-10-02 10:07:21,340,449,428,112,680,319,394,182,258,27.01,83414.27,29.00,40.00,air_control_warmup_02
2024-10-02 10:07:21,340,450,428,112,680,123,153,0,37,27.01,83414.27,29.00,40.00,air_control_warmup_02
2024-10-02 10:07:21,340,449,428,112,680,81,149,0,29,27.01,83415.82,29.00,40.00,air_control_warmup_02
2024-10-02 10:07:21,340,449,428,112,680,354,436,201,288,27.01,83415.82,29.00,40.00,air_control_warmup_02
2024-10-02 10:07:21,340,449,428,112,680,350,412,152,162,27.01,83415.51,29.00,40.00,air_control_warmup_02
2024-10-02 10:07:21,340,450,428,112,680,321,403,181,268,27.01,83415.51,29.00,40.00,air_control_warmup_02
2024-10-02 10:07:21,340,449,428,112,680,96,149,0,18,27.01,83415.51,29.00,40.00,air_control_warmup_02
2024-10-02 10:07:21,340,449,428,112,680,143,160,0,26,27.01,83413.08,29.00,40.00,air_control_warmup_02
2024-10-02 10:07:21,340,450,429,113,679,364,414,209,302,27.01,83413.08,29.00,40.00,air_control_warmup_02
2024-10-02 10:07:21,340,450,428,112,680,344,357,136,212,27.01,83414.80,29.00,40.00,air_control_warmup_02
2024-10-02 10:07:21,340,449,428,112,680,100,166,0,48,27.01,83414.80,29.00,40.00,air_control_warmup_02
2024-10-02 10:07:21,340,449,428,112,680,149,168,0,25,27.01,83413.44,29.00,40.00,air_control_warmup_02
2024-10-02 10:07:21,340,449,428,112,680,352,430,199,282,27.01,83413.44,29.00,40.00,air_control_warmup_02
2024-10-02 10:07:21,340,450,428,112,679,349,403,174,268,27.01,83413.60,29.00,40.00,air_control_warmup_02
2024-10-02 10:07:21,340,449,428,112,680,126,167,0,17,27.01,83413.60,29.00,40.00,air_control_warmup_02
2024-10-02 10:07:21,340,449,428,112,679,82,144,0,16,27.01,83413.77,29.00,40.00,air_control_warmup_02
